0 2971
1 1564
2 221
3 42 707 38
4 610
5 1432
6 2251
7 939 1080 2955
8 1296 2383
9 1118
10 1139 884
11 1308
12 1774
13 1829
14 974 2145
15 522
16 1960
17 307
18 2063
19 1821
20 871
21 857 1686 1654 824 592 532 962 874 1360 2366 1682 2840 1 1778 80 2848 364 2865 330 351 1750
22 833
23 196
24 2021 2348
25 1205
26 233 1865
27 376 2809
28 576
29 769
30 2671 912
31 325 2873 1563 1959 1542
32 991
33 2665
34 2769 1328 341
35 537
36 150
37 2340 2234 996 1991 1633 3007
38 578 2134 346
39 1071
40 631
41 1816 1243
42 1456 2258 2838 1466 1820
43 809 348
44 1362
45 301
46 3033
47 1690 97
48 2067 163 1203 3049 1036 1137 2624 923 2779 2345 1277 2243 2740 2167 2107 2116 2854 2808 1890 2796 75 774
49 1775
50 2057 444 1702 2483 1631 1698 65
51 1032
52 2505
53 1858 83
54 156
55 2760 2279 1706 2077
56 2307 1171 950 1571
57 813 714
58 1188
59 1338 1609
60 257 2338 1933 2902 3042 357 109 1248
61 2010
62 407
63 772
64 1494 3004
65 2679
66 2356
67 2892 30
68 1110
69 925
70 2556
71 3002
72 1491 2457 1170
73 1244
74 1194
75 1041 596
76 1767
77 1222
78 1252
79 1056
80 1316
81 2192
82 2850
83 206
84 2223
85 2590
86 2573
87 438 887
88 2964
89 223
90 2557
91 1582 60
92 1213
93 1999 2386 1049
94 1650
95 1210 2733 1013
96 2507
97 1266
98 240 188
99 427
100 119
101 2933
102 2331
103 369
104 352 1319 2
105 1147
106 2913
107 3022
108 1831
109 708
110 2525 949 213
111 1058
112 2956
113 2071
114 992
115 140
116 2080
117 1460
118 2096
119 1261
120 1482 625
121 3003 3001 2440 1043 1570 1094
122 1426 2032 1983 2183 2194 823
123 2701
124 177 952 2414 2673 1894
125 2019
126 604
127 2798
128 1367 1676
129 2427
130 697
131 2637
132 2001
133 1777
134 2569
135 1741
136 2812 685 908 408 3039 1400
137 2501
138 722
139 2250
140 2721
141 1922
142 574 513
143 2282 311 2002 2246
144 811
145 1697
146 84 1800
147 1037
148 2326
149 1304
150 2688
151 199
152 1566 1515 2916 2212 2803 2666 1693 2100 2475 654 531 1668 2068 459 61 2596 104
153 566 1190 3036
154 441
155 3057 2880 1257 2653
156 1242 2631
157 1554
158 2198
159 2232
160 1193
161 3077
162 1026
163 1358
164 274
165 3015
166 2730
167 1537
168 1911
169 2241 141
170 2397 1443
171 267 1744
172 2274
173 202
174 58
175 2488
176 2181 2518 957 3069 1745
177 1926
178 2918
179 1377
180 2335
181 2650
182 266
183 1314 2424
184 1128
185 656 591
186 2020 2499 672 1298 3045
187 50 1392 1350 1549 375 292
188 2312
189 430
190 1818 2879 2714 2837 2000
191 1158
192 1134 1122 2856 230 1509 106 2563 2746 2781 2811 1381 2727
193 1957
194 1394
195 2411
196 463
197 2103
198 3044
199 1490
200 861
201 9
202 2050 2965
203 1622 699 370 332 1337 2708
204 2948
205 2817 1181 1827
206 1146
207 2156 70 1644
208 2351 2065 158 1636 1919 2925 2008 533
209 1306
210 973
211 2762
212 110
213 1975
214 1189
215 298
216 1826 1804
217 2481 317
218 1790
219 1454
220 751 2470
221 1090
222 767 581
223 1389
224 749
225 439 2392 2408
226 2959
227 1074 984
228 2761
229 638
230 2370 464 778 291 2304 2218 1927 2584 2118 1161 938 534
231 965 896
232 964 2726 248
233 909
234 279
235 381
236 1849
237 1792 2530 1875 740 2941 1061 435 2754
238 1006
239 475 678
240 1755
241 987
242 2532
243 1861
244 2459
245 2378 1167 362
246 540
247 1395
248 2248
249 3032
250 1819
251 2390
252 688
253 1914 316
254 2298 1292 2732 2421
255 1867
256 1063 2286 2013 2664 486 1704 2191 1614 3055 1677 217 1588 1294 869 1202 2451 934 1238
257 296
258 1390 2981
259 1688
260 2689
261 2403
262 2533
263 3023
264 1568 1344
265 1616 1262 488
266 2583
267 1786
268 612
269 1851
270 1327
271 879 282 2349 503
272 1902 2402 2669
273 814 1866 2534 2271 26 2039 1574
274 85
275 1217
276 790
277 1340 2131 222
278 1808
279 1832 2878
280 1197
281 601 1045 340 3060 2141 2697 2616 1475 2710 368 723 2406 959 1752 1511 1196 448
282 2737
283 2592
284 2437
285 2749
286 1555
287 1352
288 2089
289 2968
290 1372
291 2890
292 1846
293 856
294 1433 1899
295 1301 2792
296 256
297 272
298 605 2768
299 209
300 3071 755 349
301 1421 808 2467
302 2163
303 1152
304 658
305 2504
306 1539
307 585 1793 2853 2799 761 942 2283 2736 679 1159
308 2228 1628
309 2109 102
310 281
311 1480 2907
312 183 327
313 1382
314 2302
315 2236
316 2910
317 2566 1880 2407
318 2542
319 2035
320 72
321 2203 1404 1613
322 628 903
323 2986
324 1670
325 510
326 1416
327 2641 2220
328 745
329 172 451 933
330 2545 2585
331 2621
332 613
333 661
334 1116 236
335 286
336 1909
337 57
338 333
339 2108 1408 2893
340 2707
341 549
342 2146
343 401
344 99 2568 3048 2625 2171
345 2388 1853 68
346 2750 1742 1969
347 212 1199 1311
348 2685
349 186
350 226 2276 622
351 3053 2804 2435 3040 647 2659
352 254
353 214
354 1183
355 1336
356 1797
357 1949
358 1117 559 729
359 630
360 1997
361 300
362 2173 2598
363 2622
364 1840 2543 2152
365 89
366 801
367 1047 1771 899
368 875
369 1859
370 556 557 1623
371 190 842
372 1330 1836
373 2615
374 1737
375 478
376 356
377 2998
378 366 1665
379 1401
380 2827
381 2720 1260 153
382 2269 2693 142
383 2316
384 785
385 1715 1925
386 1438
387 2027 2830
388 235 1910
389 2783 2559 447 2658 2489
390 936
391 1889
392 771 1714 2516
393 1685
394 867
395 2260
396 23
397 2150
398 804
399 796
400 1791 1178 1994 1214 1727 704 2654
401 750
402 2498
403 1692
404 2113
405 2205
406 1968 1031 655
407 2143
408 2362
409 2511
410 344
411 1728
412 695
413 2317
414 1229 580 1201 185
415 1915 2967 2758
416 2235
417 1929
418 3059
419 250 1407 2613 2059 164 1436 1632 757 1928 646 565 920 385 504 1735 490 2199 913 1817 2195 416 131 1895 1567 191
420 2289
421 1086
422 866
423 2939
424 2851
425 33
426 2306
427 2790
428 238
429 136
430 752
431 1977
432 1696
433 1576 2445 2883 285
434 1634
435 37
436 1085
437 1084
438 1649
439 1620
440 2601 2400
441 224
442 179
443 1219
444 44
445 1625
446 852
447 88 392
448 743 1095
449 768
450 1573
451 197
452 1495 2114
453 810
454 1163
455 3029 2832
456 1179 1916
457 2742 1355 530
458 1092 1492 2527 1434 3030 2333 129 1463 387 2308 114 2801 204 1082 1486 849 2275 2439 921 1683 858 2993 1506 914 1326 146 1810 28
459 2215
460 320 268
461 2938
462 569
463 1753
464 2209
465 1445
466 2193
467 2706
468 2681
469 2582 1905 132
470 2793
471 2841
472 2299
473 494
474 107 765
475 2763
476 1065
477 2115
478 821
479 499 3006 1383 1211 593 770 1435 2016 690 539 724
480 1545 246 234 1446
481 283
482 2255
483 1099 1838
484 1101
485 1237
486 702
487 90 1924 2711 623 1168 2371 176 802 657 1198 3000 15 2453 1548 239 2153 1552 1473 1249 2715
488 128
489 2934
490 363 393
491 1022
492 1015 2473
493 2633 1881
494 1883 112
495 2060
496 2087
497 419
498 2101
499 635
500 409
501 3047
502 645
503 1322
504 1601 651
505 1109
506 2579
507 653
508 1413
509 1103 787
510 684
511 1135
512 1729 2124 2961 476 906 1287
513 1762
514 2552
515 1078
516 1216
517 1341
518 3043
519 2560
520 1978
521 181 2031
522 1581
523 2752
524 1913
525 334
526 1747 1093 87
527 756
528 994 1478 1279
529 885
530 694
531 2210 643 1447
532 2975 2482
533 51
534 616
535 1268
536 3019
537 782 2775 52 2003 2722 1536 816 2320
538 1953
539 2510 55 404
540 1532
541 2093
542 2368 126
543 3050
544 1485
545 424 2554 2120
546 244
547 1502
548 2757 1369
549 71
550 154
551 1035 2472
552 1640 1553 76 1772
553 167
554 1215
555 2327
556 232
557 1385
558 2295
559 2643
560 1397
561 1603 2300 1451 725
562 1874
563 171
564 668 2267 719
565 829 629
566 22
567 2753 3016 406
568 1811 2980 1765
569 948
570 1060 12 2355 681 2136 3009 420 2877 1373
571 1580
572 152 2785 1754 1788 1739 39
573 1681
574 558
575 2623 701
576 143 2992 642 988 2770
577 1528
578 1468
579 2474 2861 2026 1595 1017 2354
580 2369
581 1429 2409 692
582 1295 2657
583 2858
584 516 2487
585 1051
586 1379
587 1283
588 2909
589 2744
590 3027 1599
591 474 1098 1517 173
592 207
593 1002
594 379
595 2221
596 1970 1496
597 326
598 1945 2703
599 521 2687 454 329
600 1569 720
601 2044
602 2231 2728
603 2571 1619
604 2399
605 1465
606 2254
607 1639
608 2247
609 1271
610 426
611 648
612 92
613 2553
614 2756
615 652 2396 2085 1288
616 926
617 6
618 1954
619 730
620 979
621 902
622 1773
623 995
624 1852
625 2565 2011 276
626 35
627 1251
628 827
629 2765
630 1896 2836
631 3052 2999
632 284 728 2694
633 2962
634 1942
635 2079 2233 687 932
636 3
637 1169 2287 2682
638 3056
639 2597 1162
640 2164
641 2179
642 927
643 180 1934 415
644 1289
645 1431 1114
646 1332
647 100
648 365
649 469
650 319
651 789 1025
652 620 2443
653 3010
654 1371 812
655 314
656 111
657 67 3014
658 1272 2672 3026
659 834
660 870 479
661 1133
662 2180
663 1873 614 1725
664 2919
665 2646 1403
666 2190
667 2418 2423
668 1801 1186 1856 2239 1363 1766 86 883 2795
669 1586 2692
670 1941
671 683 2206 308 2844
672 2784 830 2155 2469 1901 450 1195 598
673 2709
674 853
675 2651
676 2249
677 2135
678 468
679 472
680 20 797
681 2430
682 2045 1965
683 717
684 116
685 2638
686 2957
687 1399 2555 1912 762
688 31 2751 390 293
689 8
690 693
691 2905 2551 373
692 2575 1962 676 1561 2417 2380
693 659
694 2074
695 1918
696 3079
697 2172
698 3017
699 1736 1356
700 514
701 807
702 2884
703 157
704 3075
705 458 410
706 211 3020
707 2270
708 2718 805 1414
709 1424 275 1450 2954 3078 691
710 1779
711 2531 2160
712 120 1461
713 2617 45
714 696
715 1638 748
716 2927
717 599
718 1150
719 1425
720 2294
721 1010
722 74
723 911
724 1781
725 2529
726 1976
727 471
728 1812
729 2030
730 418 545
731 1157 744
732 145
733 56
734 360
735 675
736 1530 2547
737 303
738 822
739 639
740 2491
741 1651
742 2855
743 2202
744 1986
745 372
746 396
747 627
748 1605
749 2359
750 2717
751 1946
752 940 295 2932 741
753 1932
754 2696 1869 2462 1387 1700
755 1173
756 2831
757 2776
758 1828 673
759 359
760 1724
761 2789
762 665 551 1610 1884
763 25 2444
764 339
765 1667 1666 10 1699 1155 2602 337
766 1409
767 383
768 194
769 174
770 399
771 1184
772 350
773 577
774 1011 43 711
775 603 2915
776 525 1870
777 1584
778 403 225
779 1662 573 1469 915 607 666 626 562 5 983 820 2325 2043 187 2025 2517 2936 1083 1951 2539 1370 482 2139 2647 617
780 1019 1637
781 971
782 1140
783 2187 466
784 1887
785 1127
786 2951
787 2257
788 27
789 198 2686 1540 91
790 1806
791 2162
792 1973
793 2891
794 2357
795 2495
796 113 1971
797 2379
798 81
799 860
800 931
801 2735 922 3038 712 123 2197 4 323 2454 0 2771 1868 1575 2731 966 937 2548 2572 253 2821 706 122
802 2898 1656 2985
803 2862
804 1299 492 2982
805 1521
806 3067 137 433 960 443 2014
807 2738 2272 1796
808 2519
809 2102
810 1891 2465
811 2815 2634
812 118
813 1302
814 2157
815 2931 977 405
816 2950 94 1809 919
817 1226
818 1844
819 2447 1374 1459 2382 1307 1550
820 1878 162 1068 1839
821 529
822 1799
823 1347
824 460
825 2496
826 2767 968 893
827 2782
828 2395 732 138 2291
829 2207 670 795 1510 2764
830 1245
831 215
832 78
833 436 1678
834 1269 1212
835 945
836 1944 2791 1120
837 1701
838 776 567 36 3051 1204 62 838
839 2463
840 2261 2871
841 2321 1718
842 1980
843 467 766
844 2820 1278 2810
845 2319
846 2024 144
847 2833
848 2599
849 1361
850 538
851 2387
852 1354
853 506
854 1630
855 1608
856 727
857 2691 2766 455
858 2358
859 1813 1935 2252 2154 2528 3072 336 840 575
860 910 2513
861 11
862 355
863 1305 165 1484 313 432 1378 535 2712 1246 2314 1419 48 929 1674 1908 2219 2151 2698 2268 103 1709 2662 2747 803 520 342 2112 2301
864 2216
865 1393
866 2226
867 1500
868 484
869 2946 2823
870 322
871 1903
872 2863
873 2588
874 2660
875 1626
876 2609
877 2318
878 461 2663
879 855
880 2055
881 1579
882 1021
883 502
884 2983
885 1224
886 489 2778
887 453
888 2344 618 299 1345 980
889 1956 2266 2452 582 2777 873
890 3076 1606 1405 886 1691
891 1955
892 1546 2161
893 835
894 1757
895 1264
896 2834
897 496
898 2899
899 891
900 981
901 108
902 133
903 819
904 2184
905 1091 2009 1939
906 998
907 1822
908 3046 1501 1176
909 1142
910 2040
911 294
912 2036
913 1917
914 1533
915 1516 2670
916 709
917 2949
918 2464
919 398 1422 1947 1040 2142 2904 2006 2538 2683 2086 1848
920 1845
921 1617 328
922 2211 2081
923 321
924 442
925 619 2748 3035 2700
926 1483
927 2826
928 1589
929 976
930 850
931 1038
932 1149
933 2940
934 1364
935 2546
936 2034 669 1325
937 777
938 505
939 2244
940 508
941 1717
942 2667
943 3073
944 1221
945 1646
946 705
947 1165
948 2224
949 2431
950 1882
951 2083
952 1621
953 2725
954 2110 1798
955 1892
956 2944
957 2090
958 2987 429 49
959 423
960 1164
961 18 470 2305 2277
962 2339
963 2503 397 2364
964 263 2229
965 554 944
966 1423 3028
967 1921 2049 1079 1893 2492 1427 746 888
968 2966 1643 2037 2787 2655 386 1782 1854
969 2311
970 2385
971 2213
972 2073
973 1131
974 2391
975 2500
976 1520
977 428 935
978 1121 2140
979 517
980 2398
981 151
982 2526
983 483
984 2675
985 1470 306 2376
986 170
987 753
988 1207
989 40
990 2478
991 2807 700
992 736
993 2117 1871 101
994 780
995 1054
996 2425
997 2182
998 2816
999 1964 95
1000 1979
1001 1113
1002 1993
1003 237
1004 2684
1005 353
1006 2293
1007 1124
1008 1602
1009 1236 1138 1624
1010 2188
1011 2441
1012 2788
1013 1258
1014 917 865
1015 1136 2278 2605 1708 2626 775 2974 290
1016 1348
1017 2935 278 1740
1018 552
1019 1587
1020 1153 421 1003 93 1254
1021 29
1022 2802
1023 82 411 1981 2389
1024 2393
1025 2734
1026 621
1027 2056
1028 500
1029 1923
1030 255
1031 864
1032 1259
1033 1966 1645 943 159 2595
1034 1349
1035 219
1036 2713 734 2360 160 2493 583 2054 2264 2094 2343 1712 1477 2428 587 1487 2814 726 843 1930 1863 388 2973 1008 2581 1365 1504 1472 2958 2947 2952 2449 24 1657 1111
1037 1498 895 1776
1038 892
1039 1988
1040 1467
1041 1837
1042 2076 1703 2786
1043 1096
1044 649
1045 1115 747
1046 2330 1112
1047 854
1048 880 2479 1420 1410 1583 2514 2702 526 216 2490 2680
1049 783
1050 473 437 2739
1051 536 2564
1052 1597
1053 2238
1054 1067
1055 703
1056 1648 2604 2914 2937
1057 2177 2381
1058 1672
1059 2352 1191 1097 1572 1018
1060 781
1061 1156
1062 2336
1063 2574 1230
1064 1596
1065 868
1066 2780
1067 1743
1068 1663
1069 633
1070 262
1071 2635
1072 1105 682
1073 2515 624 572 2041 1543 495 954
1074 2859
1075 1474
1076 1695
1077 760
1078 1154
1079 2497 2656 2448 2007 2618
1080 288
1081 477
1082 1716 1931 588
1083 3034
1084 2960
1085 2004
1086 2589
1087 1034
1088 1769
1089 2098
1090 975 1464 2088
1091 1751 2419
1092 201
1093 41 1014
1094 243
1095 2477
1096 2170
1097 2868 1106 863
1098 312 3013 2976 2253
1099 2017
1100 1208
1101 1004
1102 2912 302 2416 2374 2963 2186 2432 1265
1103 2705
1104 21
1105 304
1106 1720 561
1107 193
1108 2676 380 2774
1109 3031 2058
1110 1860
1111 1339 1023
1112 1027
1113 1313
1114 800
1115 955 2466
1116 1030
1117 1481 1375 2410 1048 901
1118 195 69
1119 124
1120 2888
1121 2928
1122 1009
1123 1519
1124 1005
1125 1455
1126 947
1127 1987
1128 791
1129 98
1130 2558
1131 2839
1132 1070 1391 2208 2690 2222 1151 260 2773 2168 1795 999 2580 2245 2842
1133 271
1134 1607
1135 17 2729
1136 1148 876 1990 1119
1137 1267
1138 2924
1139 1310 2420
1140 1815
1141 2237 1565 1534
1142 501
1143 487
1144 3062 493
1145 175 1227
1146 125
1147 2866
1148 2977 2908 1053 343 579
1149 309
1150 1353
1151 1950
1152 2159
1153 1593
1154 1748
1155 2813
1156 2577
1157 568 1513
1158 2921
1159 1635
1160 338 287 2881
1161 1585 1448 2174
1162 1876
1163 2480
1164 2619
1165 641
1166 2587
1167 2178
1168 2262 1233 2537
1169 3070
1170 1759
1171 924 1072 1562 2082 737 571 2230 1256 2755 184 2415 3041 2137 3074
1172 2225
1173 2544 1948 1719
1174 2433 763
1175 2051
1176 1125
1177 2273 1415
1178 2889
1179 1556 1388
1180 2313
1181 794
1182 1974
1183 2061
1184 667
1185 2297
1186 872
1187 1886
1188 2084
1189 1321
1190 425
1191 677 1102
1192 2649
1193 1872 1558 241 1710 2920
1194 1847
1195 491
1196 595 2332
1197 555
1198 650
1199 982
1200 1476 1185 2214 2875
1201 457 1659 1615
1202 1823
1203 844
1204 773
1205 2860
1206 2092
1207 1055
1208 2042 1535
1209 2133 1787 1471
1210 1850
1211 1864 13
1212 3025
1213 2324 1658
1214 523
1215 1824
1216 1320 1107
1217 2716
1218 269
1219 2997
1220 877
1221 1825
1222 2204
1223 543
1224 2586 1652 825 1898 754 2347 1600
1225 528 544
1226 1514
1227 413
1228 1629 1028 1560
1229 1042
1230 1642
1231 2165
1232 1592
1233 2644
1234 2285
1235 2652
1236 414 2426 2265 2978 836 1182 1758 2549
1237 1814
1238 2401
1239 941
1240 1967
1241 1439
1242 2263
1243 2594 586
1244 2591
1245 2900
1246 671
1247 1512
1248 2018
1249 1653
1250 347
1251 985
1252 2078 210 135 2640 2612
1253 2610
1254 2829 1529
1255 2535
1256 742 139 2259
1257 826 963
1258 2797 1618
1259 1318 1240 2995 1235 2372 2825 481
1260 2105
1261 440
1262 1680
1263 986 602
1264 1627
1265 1722
1266 189
1267 589
1268 1705 1286
1269 382
1270 1508
1271 1020
1272 519
1273 663
1274 2745 1612
1275 2996 227
1276 2458 2922 1000 59 2620
1277 515
1278 961
1279 3018
1280 1862
1281 1234
1282 2923
1283 249 324 1001 878 3058 806 77 570
1284 1598
1285 841
1286 2972 1123
1287 394
1288 1300
1289 1499
1290 548
1291 1707
1292 1660 1687 3064
1293 2106
1294 2144 14
1295 1544
1296 1132 2843 862 828
1297 218
1298 1384
1299 2005
1300 121
1301 1312
1302 1016
1303 634
1304 1175 2012
1305 2942 1998
1306 2806
1307 1033
1308 2870
1309 446
1310 182 497 2455 395
1311 1857 1143
1312 192 1746 2847 1834
1313 1731 1444
1314 1888
1315 1270 2413 2125 890
1316 894
1317 3068 608
1318 2422
1319 524
1320 2334
1321 2523 1200 2468
1322 270
1323 2436
1324 739
1325 1577
1326 1442 412
1327 664
1328 1062 1335
1329 2375
1330 764
1331 229
1332 798 378 2794 2642 1368 155
1333 310 2639 611 512 905 779 1104 1920 1723 1733 1661 786 2284 2741 203 1412 2095
1334 2606 972
1335 2991
1336 550
1337 2052
1338 1611
1339 1541
1340 1452
1341 2822
1342 1457
1343 2930
1344 1293
1345 485
1346 1783
1347 2292
1348 2148 969 2869
1349 1989
1350 2876 1323 928
1351 2350 2450 2506 345 2072 527 2520 54 2512 2066
1352 1351
1353 904
1354 1985
1355 96
1356 417
1357 2217
1358 882 1877 2494 166
1359 434 1937 597 1803
1360 1453
1361 1721
1362 2046
1363 1524 2849 2322 1241
1364 245 2384 2611
1365 735
1366 1538
1367 1089
1368 1342
1369 315 391 1830
1370 1885
1371 2509
1372 449
1373 2023
1374 1578
1375 1324
1376 2628 1160 644
1377 117
1378 178
1379 452
1380 3024 1177
1381 2456
1382 251
1383 1943 422 1604 956
1384 2015 1904
1385 335
1386 2903 560
1387 738
1388 2200
1389 2724
1390 1187 2607 1359 2984 2075 1075 1675 2901 594 1223 2540 2648 1282 1996 1763 220 2886 2053
1391 2522
1392 2377 1462
1393 1518
1394 509
1395 480
1396 1087
1397 280
1398 2699
1399 1972
1400 1952
1401 1366 2668
1402 16
1403 2894
1404 2126
1405 2484 205 2149 1673 2485 632 817 261 228 584 2315 2896 1488 361 1218
1406 2361 1551 456 2394 168 1291
1407 2438
1408 1357
1409 431 848 1297
1410 1411 3012 2926 615
1411 674
1412 2242
1413 1785
1414 63
1415 689
1416 79 1343 1290
1417 553
1418 2070
1419 1647
1420 252
1421 2434 710
1422 1064 2835 847
1423 1732 799 2885 3005 47
1424 1166 951 2576
1425 1333
1426 2603
1427 2674 1418 2281
1428 542
1429 147 1346 793 1784
1430 1655
1431 1855
1432 2122 1144
1433 1684 1730 2127
1434 1231
1435 2743
1436 2201
1437 2412
1438 2022 1331 2630
1439 445
1440 1281
1441 546 389
1442 2994 2363 127 1057 1507 889
1443 1130
1444 1007
1445 2846 2346 1734 837 289 1402 134 907 1641 2296 1995 832 2256 2091
1446 2128 3021 1430 2819 2897 788 2309 1396 1982 247 606 686 989 2367 1523 1449 2852 1309 1029 1285 680 2471 784
1447 115
1448 2290
1449 2342
1450 2593 3011 2502
1451 19
1452 916
1453 2990
1454 2578
1455 2818
1456 2943
1457 354
1458 640 1936 2132
1459 1497 1081 1770 3065 264
1460 2064 946
1461 1689
1462 1209
1463 1805
1464 1961
1465 2704 1180
1466 2882 2147
1467 2189 1126
1468 258
1469 1275
1470 718
1471 32
1472 1428
1473 716
1474 1493 318
1475 1398
1476 64
1477 66
1478 34 970 1334 1843 2857 1255 1664 2097 1380 2645 1527 2227
1479 1526
1480 2772
1481 2567
1482 637
1483 1458 2614 758 3080
1484 2989 1835 721
1485 1669
1486 367
1487 2600 518 3061
1488 297
1489 2104
1490 2028
1491 1522
1492 1768 465
1493 831
1494 2719
1495 331
1496 1247
1497 2033
1498 2805
1499 2661
1500 2874
1501 2988 1220 1274 3066
1502 2329
1503 2111 402 967 1050
1504 2828
1505 2678
1506 1069 1940 2038 1141 1525
1507 1938
1508 1679 2062 990
1509 547
1510 2138
1511 1315 1906
1512 590
1513 1489
1514 898
1515 2341 2970
1516 2048
1517 1505
1518 1557
1519 2373
1520 2099
1521 507
1522 2123
1523 1907 498 958 2629 2824 851 1984 231 1076
1524 400
1525 930
1526 1273
1527 2917 1303
1528 1206
1529 1386 1713 1760 1024 1059 1807
1530 384 2303 1958
1531 2460
1532 2310
1533 1192
1534 563 1406
1535 1440
1536 953
1537 2288
1538 2069
1539 2404 1531
1540 2047 609 2929 371
1541 600
1542 305
1543 377 2636 1232
1544 859
1545 900 2562 2864
1546 2541 2185 1897
1547 2119
1548 715 2632
1549 277
1550 1711
1551 2365
1552 2627 149
1553 2561
1554 511
1555 1833
1556 839 2476 374 2486 2677
1557 918 1963 731 2723
1558 1437
1559 2196
1560 1441
1561 845 897 698
1562 1145
1563 1789
1564 2175 1376
1565 1694
1566 2508
1567 2405
1568 1100
1569 1764
1570 1756
1571 1329
1572 265 1250 2872 2969 1992 1239
1573 792
1574 1044
1575 978
1576 1012
1577 2845
1578 1263 169
1579 2608
1580 2887
1581 2895 2121 818 259
1582 1077 1225
1583 759 148
1584 7
1585 1900
1586 997
1587 1052 2536 1671
1588 2979
1589 1479 3008 2429 541 1802 1276 2911
1590 208
1591 105
1592 242
1593 130 2166
1594 2280
1595 2521
1596 2800 662 73 2240 1591 2945 1761 1280 1749 846 2029 2570 1879 273 3063 2524 1417 1590 1039 2328 1253 1129 1594 2323 161 1726 46 2867
1597 1228
1598 636
1599 2337
1600 2176
1601 3037 2759
1602 1088
1603 2695 2129 1073 3054 1108
1604 1066
1605 1547
1606 733
1607 1317
1608 713 881
1609 53 1842
1610 2446
1611 2550 660
1612 2130 564
1613 1172 1794
1614 815 1046 2906
1615 462
1616 2442
1617 200
1618 2353
1619 358 1559
1620 1780
1621 1738
1622 1841
1623 2169
1624 993
1625 1284
1626 2953
1627 1174 1503 2461 2158
